,comment_id,text,score,awards,timestamp,author
0,gpi1i2o,This is exactly right. Plus the borrow cost was something like 50%+.,5,0,1614746367,abcNYC
1,gpi1iqs,"Jesus Christ, every stock which does well isn’t a conspiracy against GME. If anything RKT is just another hustle against HFs. Gotta stop spreading this conspiracy that GME is this godlike stock which every Wall Street person is trying to destroy. Y’all realise Michael Burry profited off GME.",1,0,1614746378,Chickenjbucket
2,gpi1jfu,same. I started this for the lulz but now deep into learning how stuff works and paying much more attention to my finances then ever. Whether GME causes me gains or gains I'm happy either way.,566,1,1614746391,sucksbro
3,gpi1olf,[deleted],5,0,1614746479,[deleted]
4,gpi1tz3,Amen to that,16,0,1614746571,ClassyTaco1
5,gpi1x54,[removed],1,0,1614746627,[deleted]
6,gpi23qn,You mean like xbox gamepass or ea access?,6,0,1614746739,saltedsluggies
7,gpi286y,I bought RKT and sold the gains to buy more GME. Why r u apes so dumb,1,0,1614746814,4xdblack
8,gpi2992,"This is so interesting, thank you for the bed time story. FYI I’m a pegasus🦄,not an ape.",1,0,1614746831,EnvironmentalPanda20
9,gpi2ay0,thank you this was very much appreciated.  Onward to MARS!,1,0,1614746860,OGCrapShoot
10,gpi2ghk,Got in today. Ape checking in for battle,4,0,1614746955,AppleTree98
11,gpi2h6a,"Thank you. These cultist retards think everyone with a different opinion than them is a shill. Same reason why I've been doubting the movement and suspecting hysteria is the true mover of the stock, nevertheless this shit is probably gonna pop on the 19th.",1,0,1614746966,Bonus_Dramatic
12,gpi2i96,I’m not in much but I’ve turned my small dick portfolio so red over this beautiful stonk why stop now. If it stays this low tomorrow I can afford 2-3 more 😍,1,0,1614746985,brounsound
13,gpi2lf7,"It’s entirely about RKT acting in their own interests and has nothing to do with GME. They want to shake loose and punish the shorts while driving their stock value back up to make up for the damage they took shortly after their IPO. There are clear signs that they started planning this move months before GME initially took off. They announced the buyback in November, and their Q4 earnings report and conference was clearly scheduled way ahead of time, as was the decision to announce the special dividend during the press conference. GME’s “second run” just happened to start on 2/25, the same day as the RKT press conference. They literally couldn’t have spontaneously decided to announce a special dividend that very same day as some kind of smokescreen, you can’t just make that move and get it approved in a day, it takes weeks of planning to make that kind of thing happen.",26,0,1614747040,Captain_Sacktap
14,gpi2m89,"RKT was a temporary distraction with a good situation to take advantage of.  They we handing out free money like it was a simian stimulus package, so yeah I'm willing to profit, but I farmed it and I'm done.  Now I have more money for GME.  Hopefully other apes did the same thing by taking their money out and leaving Cramer's viewers to baghold.",8,0,1614747054,SomeGuyNamedPaul
15,gpi33o3,[deleted],1,0,1614747356,[deleted]
16,gpi36e1,"Same! I was ready to average down when the stock was around 40-45, but the day before my cash settled it jumped back over 100 😐",2,0,1614747405,Crowbar_Freeman
17,gpi39f9,People are seeing patterns of fantasy that they imagine to exist.  I'm playing it safe by just assuming everybody is on acid and memes.,28,0,1614747459,SomeGuyNamedPaul
18,gpi39if,"I saw a graph with green lines, post must mean something good. Doubling down.",2,0,1614747461,Gramuhr
19,gpi3bg9,I don’t understand so much text without emojis. I guess I will buy more GME,2,0,1614747495,Mental-Restaurant-47
20,gpi3opj,"**Hedgies**: “I have a brilliant idea, let’s give them a shiny new squeeze and they’ll vacate their $GME positions”

**WSB**: “We’re buying both”",1,0,1614747733,SantaMonsanto
21,gpi3s98,"But for real

Despite any gains $RKT has seen I really feel like it’s a distraction to pull us from $GME. 

The harder they try to break our grasp the more certain I am this was the right Fucking choice",-1,0,1614747797,SantaMonsanto
22,gpi3wlg,Per sources it’s going to squeeze tomorrow,0,0,1614747876,splitthezeros
23,gpi3zvd,LETS DO THIS SHIEEET!!! GME BABY,1,0,1614747937,ssaxamaphone
24,gpi40gc,Use no more than 10% of your portfolio at first. Feel free to ask questions as you learn!,2,0,1614747948,MrDionWaiters
25,gpi43mj,"Physical store for microsoft products could very well end up being the final outcome if the online sales continues to be successful, and since their ecommerce is way up I would think the Gamestop rewards program is driving up downloadable game purchases for xbox through their website.",1,0,1614748005,mundane_marietta
26,gpi48rz,I'm a big GME bull and someone who has been for longer than 95% of WSB and I think this shit is going too far and making the rest of us look bad. Media like CNBC will highlight the Qanon-GME faction to downplay the actual smart WSBers...,2,0,1614748101,MrDionWaiters
27,gpi4b59,We’re apes sir. We arent ready for such serious DD. We understand emojis only. 🤲💎🚀🌝?,1,0,1614748145,georgesoo
28,gpi4hkf,“Can’t see why” ... have you been paying any attention to any of the information on here recently????,11,0,1614748263,ToPimpAYeezy
29,gpi4if0,[deleted],1,0,1614748279,[deleted]
30,gpi4kw0,Left them in the Wendy's parking lot,19,0,1614748324,bkiesow
31,gpi4ni9,What's the significance of reaching $130?,1,0,1614748372,lordofyouring
32,gpi4nsv,[removed],1,0,1614748377,[deleted]
33,gpi4yjp,*I* just like the stock. Important distinction bros.,1,0,1614748575,gt4viper
34,gpi4zb6,Ok I really don't know how everything works but wouldn't it be cheaper to buy out gamestop and end it than to pay everyone? I am a literal 🦍 and would like some explanation to why this isn't possible.,1,0,1614748589,PinchiChango
35,gpi4zoj,[removed],1,0,1614748595,[deleted]
36,gpi51e8,"I didn’t, but I would have if I had the chance",1,0,1614748627,Freaudinnippleslip
37,gpi530g,"And that's where $NOK comes into play, my friend.",66,0,1614748655,KoosKansloos
38,gpi53jv,[removed],1,0,1614748666,[deleted]
39,gpi55z2,I 100% agree. Looking at the sentiment it's pretty easy to see there are a lot of younger and probably misinformed people jumping on the wagon. They want their $500 investments to turn into $50k because it's all they can afford. I got caught up in the euphoria during phase 1 and lost $50k in unrealized gains like a dumbass and I just as easily see this going tits up while people scream conspiracy and shill on other tickers. Sunk cost fallacy in the making and why people need to set their expectations lower. Those who bought at $40 will probably get a 10x but there's gonna be just as many losers this time around.,1,0,1614748711,Bonus_Dramatic
40,gpi5l4j,"It's a shame. They spend all their time going into conspiracy rather than using that same time to learn about the world around them. Selling GME 40p or 50p is free money, especially fundamentally considering that GME is easily worth $50 bare minimum. Easy 10% roi, which over the course of a year is 3x gain... But no, too busy calling everyone on a different ticker a hedge fund shill instead of learning what selling a put means...",1,0,1614749004,MrDionWaiters
41,gpi5t2c,smooth brain notes the big deal with microsoft was GME investing in Microsoft stuff. not Microsoft investing in GME stuff. This was hard to type with diamond hands.,2,0,1614749154,MovingTargetPractice
42,gpi5x9r,"There's a cult-like mentality forming around GME. It's entertaining to watch and I still think there's a chance it might hit a new high in the coming weeks, but posts like this show that critical thinking has flown out the window of the rocket ship. With all the short interest and apes buying and holding, though, it may not take much critical thinking to take GME to the moon.",-1,0,1614749231,ElliottWaits
43,gpi6c55,I would say ppl are doing a good job of holding.  Was tempted to switch to RKT but I am not selling at a loss.,2,0,1614749515,max1001
44,gpi6c88,[removed],1,0,1614749517,[deleted]
45,gpi6fa2,[removed],1,0,1614749574,[deleted]
46,gpi6flk,[removed],1,0,1614749581,[deleted]
47,gpi6iu6,Is there a reason why there are so few GME posts on wsb the last few days? It’s weird,1,0,1614749644,goyolife
48,gpi6jr7,I mean there's literally paid agents on here right now; it's not like there's much doubt about that,24,0,1614749662,rub_a_dub-dub
49,gpi6m8k,GME reminds me of the Boeing Starliner.,1,0,1614749710,Dav2id
50,gpi6rj2,"They'll learn a valuable lesson when they enter the bag holders club. So many good tickers out there w good DD that are exploding rn or about to take off. Why not swing trade and try to increase your holdings on gme? Not like your $500 investment is keeping it above $120. It's all about making money and if you'd have listened to some of the autists on here, you'd easily have a fat stack to admire in your brokerage account while your waiting for gme to pop. Fuck the movement, worry about yourself first y'know?",1,0,1614749811,Bonus_Dramatic
51,gpi6rqx,"As far as my smooth brain can tell, we are in control, but need discipline and self control.   

You know what that means diaper wearing 🧻🙌. Fucking hold.  There is literally nothing the HF guys can do but play our way if we don’t fracture.   

Not financial advise- I lick the crayon sharpener.",2,0,1614749815,funlovefun37
52,gpi6sh0,This is the way! 100k and nothing less.💎👐,48,0,1614749829,Susher89
53,gpi6ta0,"Yes there's plenty of doubt

Literally the only ""proof"" I've seen is people saying this account is new and google search trends",-1,0,1614749844,Cuddlyaxe
54,gpi6vbf,[removed],1,0,1614749885,[deleted]
55,gpi6vs8,I heard they’re building a GameStop on the moon. Is this true? 📈🌖🚀🏠,1,0,1614749894,NemoMonii
56,gpi6vz6,"Hey let me ask you, do you think that paid redditors are a thing?",5,0,1614749897,rub_a_dub-dub
57,gpi6w7g,So to average down I would need to purchase when the stock goes below my current average?  I have 12 @117. Either way 💎🙌🚀🌙,11,0,1614749902,vegetaman3113
58,gpi6zhd,"I don't think people understand that you can use the money you make off other plays to fund your high conviction positions. Most of my portfolio after last September was in GME calls, I kept adding and adding with the profits from other plays and because of that was able to make stupid money. Wouldn't have been possible if I had been all in on GME the whole time.",1,0,1614749966,MrDionWaiters
59,gpi6zkw,I understand- I’ve had to remind myself that I like the stock.  It’s 🚀 to the moon or hold long.,27,0,1614749968,funlovefun37
60,gpi716y,[removed],1,0,1614749999,[deleted]
61,gpi759h,Sexy smooth 🧠,2,0,1614750077,funlovefun37
62,gpi77sy,I get people are saying that it’s a great long term hold but can we really expect it to stay where it is? My average buy in is 164,1,0,1614750127,timmy198000
63,gpi7bc1,[removed],1,0,1614750194,[deleted]
64,gpi7fdu,"You must subscribe to the belief that emojis aren’t allowed on Reddit. It’s fine, I do too",1,0,1614750270,TRONgirl_EXE
65,gpi7mvx,"Most of the hedge funds with a position in GME either own the stock outright or loaded up on both puts and calls to play both sides. Melvin was one of the few that took a strictly bearish position. You can look this up in their SEC filings if you don't believe me. So, no I don't think they're panicking.

As for RKT, I think it's because there was an opportunity to pick up some cheap calls on an undervalued, profitable company with a compelling story and a similar large short interest. Like GME, the hedge funds are mostly playing both sides, so I don't think it has anything to do with them.",2,0,1614750416,mayutastic
66,gpi7pb8,"Exactly.  I'm still in the red (bought at $220 avg.) but I didn't bet more than I can afford to lose, and I'm learning a lot at the same time.",219,0,1614750463,BrianBoyko
67,gpi7w2q,"PSA: UWMC and RKT institutional holders include  [CITADEL ADVISORS LLC](https://www.nasdaq.com/market-activity/institutional-portfolio/citadel-advisors-llc-772640)   and  [SUSQUEHANNA INTERNATIONAL GROUP, LLP](https://www.nasdaq.com/market-activity/institutional-portfolio/susquehanna-international-group-llp-792195)  two major GME shorters 

[https://www.nasdaq.com/market-activity/stocks/uwmc/institutional-holdings](https://www.nasdaq.com/market-activity/stocks/uwmc/institutional-holdings)",1,0,1614750598,Osotheman
68,gpi7wio,"Joking aside, I'd love to see some DD on what actually \*is\* a reasonable sell price.",20,0,1614750607,BrianBoyko
69,gpi7wwr,[removed],1,0,1614750615,[deleted]
70,gpi83g4,Great read!,1,0,1614750745,Reereefox
71,gpi8dbe,What the fuck is a short ladder attack. It's not a thing.,1,0,1614750947,philax
72,gpi8jrv,"&gt; I'm still in the red

wait there are other colors?",265,0,1614751080,sucksbro
73,gpi8qu3,You should invest in an exterminator,135,2,1614751223,D168
74,gpi8xll,"You are right man, probably RKT is a distraction",0,0,1614751361,andreasgiann
75,gpi8xsi,"I read short ladder attacks, I close reddit app.",1,0,1614751365,Lumbabumb
76,gpi91h9,Fuck off. This is the crib guest fucking shit ever. Who are you? A leader? Gtfo. No one wants you to lead. We’re all just random people sharing opinions on stocks. Stop trying to make it a movement.,4,0,1614751442,drilkmops
77,gpi91pd,i bought tsla too at 850 lol. we know which stocks to short!,1,0,1614751447,nateccs
78,gpi936z,"So... with Cramer attacking GME and recommending this week of all the piles of shit out there FORD!!! I've only been doing this for a few years and I'm still a newb in many ways but anyone who was anyone always told me to stay away from car manufacturers. They have huge overheads and rely on the mass sale of expensive to build low profit high volumes motors which one problem knocks them for six. 

Secondly is the RKT misdirection. It started with Silver, every man, woman, child and uncle's brother's niece's cat knows that was a misdirect. Now RKT may be a thing but the sheer aggression in WSB to promote and replace GME, attacking GME posts/posters while promoting RKT screams misdirect.

Media/popular net sources seem to be chucking out stuff like '3 reasons not to buy gme' and go on to completely ignored the overhaul and future plans of the company but focus on its past state. 

These are just three examples and I am just another crayon eating, window licking dribbly on the special bus but I like the stock and I'm sticking with it.",3,0,1614751479,Mardanis
79,gpi99wz,"Melvin, I'd you're listening, I would be happy to be a paid shill for you
 

 
^so ^that ^I ^can ^put ^those ^earnings ^into ^more ^GME",6,0,1614751614,My_50_lb_Testes
80,gpi9esg,This GME ape is closing on a loan with them tomorrow.,14,0,1614751712,4strings4seams
81,gpi9hp5,Someone but the MASDAQ a fucking mood ring,2,0,1614751773,NIQUARIOUS
82,gpi9mzd,Gramma squeeze!,59,0,1614751881,Corona-walrus
83,gpi9t8j,It also was a first hand experience of media manipulation with us in focus. We all know it happens but it was a new experience for me to know the situation well and watch them bend the narrative.,172,0,1614752012,BakaSandwich
84,gpi9w3w,Aspiring ape still holding and drooling over the 160 I bought it at.,1,0,1614752070,devnessmonst
85,gpi9wr8,Gme a break,8,0,1614752085,ultramegacreative
86,gpi9y4k,"It ain’t Salesforce, so there has to be more plans between the two in the works.",1,0,1614752114,mykiel
87,gpi9yrb,Service on the moon is pristine.,16,0,1614752127,ClasherDricks
88,gpia0h0,"Same. I've been hearing a lot of ""100k is the minimum"" lately which seems absurd, but god damn. I would literally faint if it hit that. I have no idea what isn't a meme number anymore",8,0,1614752164,Vanhaydin
89,gpia8qd,"I'm sure you have been asked this, but do you kill deranged mutants, or are you a deranged mutant that kills?  Just trying do do my DD.",1,0,1614752335,Fritzkreig
90,gpiairo,It is but it’s not as common as people think. They see the price go down and think short ladder.,1,0,1614752544,HelpMeIWillPayU
91,gpiak3q,Hype died out,1,0,1614752574,HelpMeIWillPayU
92,gpiakf7,"It is a distraction, but not one crafted like a conspiracy theory like some of you dopes think",1,0,1614752581,Geoffs_Review_Corner
93,gpiam0q,"Are you me? I bought Tesla as the safe stock to hold value against GME, sadly now it’s GME that’s balancing my Tesla losses.",1,0,1614752615,mcdade
94,gpiamr5,"To be fair, I bought into RKT hard wit hough selling any GME, made a fuckload of money, and now have more GME to hold. Win win",2,0,1614752631,Arcane-manager
95,gpiaop5,Do people really believe it will hit 100k?  Why? x)  That seems literally insane.,-3,0,1614752672,SoupyDelicious
96,gpiaqcw,"This is great, but I certainly think you need to add in the fact there’s a direct deposit stimulus check coming March 22. 

This isn’t financial advice and I’m genuinely retarded, but ~300M people are going to get $800-1,400 deposited into their bank accounts in 3 weeks. While this will help a ton of people in need, it’ll also provide disposable income for ~100M people. Figure 1% of that 100M YOLO’s it in GME, that’s at least a billion dollar cash infusion. Heck, I bet minimum ~500K people who are getting a stimulus are probably already invested. There’s been a jump of 10M members on WSB alone. 

Who knows how this all plays out, but it certainly seems we’re setting up for a black swan event due to two completely separate economic unicorns. If anything, the last few days have been shockingly steady. It feels more like Dec. early Jan then it does end of Jan. 

Given everything above, if GME stays around 120 because people like the stock and see the potential, we’re pushing out failure to deliver days and building momentum. GME will stay in the forefront BECAUSE it’s THE meme stonk and excitement/speculation will build as we get closer to the checks. 

Best case scenario hedgeies are at the end of their failure to deliver leash as stimmies get released and the $Billion+ infusion creates the perfect storm. 

Worst case the hedgies realize this is coming and just decide to pull the plug now and do damage control so GME has lost its luster before the gov splashes 1.9 Trillion in our economy. 

Either way we’re all going to make FUCK TONS of money 💎🤲🦍🚀",1,0,1614752708,thatskindaneat
97,gpiaqjq,"I was on vacation for the whole thing, came back and grabbed some shares at 40 for funsies after aswath damadoran said that was a fair price.",16,0,1614752712,Reduntu
98,gpiasif,Trusting your financial future to a guy who can’t spell ladder,1,0,1614752754,bjjcripple
99,gpiasss,"Ape reporting for duty.

Buying 50 more GME shares at open.",1,0,1614752760,Luvthatkush
